N=63,D=2
108.0 392.5 
19.0 46.2 
13.0 15.7 
124.0 422.2 
40.0 119.4 
57.0 170.9 
23.0 56.9 
14.0 77.5 
45.0 214.0 
10.0 65.3 
5.0 20.9 
48.0 248.1 
11.0 23.5 
23.0 39.6 
7.0 48.8 
2.0 6.6 
24.0 134.9 
6.0 50.9 
3.0 4.1 
23.0 113.0 
6.0 14.8 
9.0 48.7 
9.0 52.1 
3.0 13.2 
29.0 103.9 
7.0 77.5 
4.0 11.8 
20.0 98.1 
7.0 27.9 
4.0 38.1 
0.0 0.0 
25.0 69.2 
6.0 14.6 
5.0 40.3 
22.0 161.5 
11.0 57.2 
61.0 217.6
12.0 58.1 
4.0 12.6 
16.0 59.6 
13.0 89.9 
60.0 202.4 
41.0 181.3 
37.0 152.8 
55.0 162.8 
41.0 73.4 
11.0 21.3 
27.0 92.6 
8.0 76.1 
3.0 39.9 
17.0 142.1 
13.0 93.0 
13.0 31.9 
15.0 32.1 
8.0 55.6 
29.0 133.3 
30.0 194.5 
24.0 137.9 
9.0 87.4 
31.0 209.8 
14.0 95.5 
53.0 244.6 
26.0 187.5 